Significant: 		1
Non-significant: 	0
Total: 				1
Percentage: 		100.00%

Corr coef:	0.380213431070938
p-value:	1.3109046569053773e-104
SIGNIFICANT
