Significant: 		0
Non-significant: 	1
Total: 				1
Percentage: 		0.00%

Corr coef:	0.029703879254855296
p-value:	0.10244201330446544
NO
