Significant: 		0
Non-significant: 	1
Total: 				1
Percentage: 		0.00%

Corr coef:	0.036938564939554074
p-value:	0.06006185580712478
NO
