Significant: 		1
Non-significant: 	0
Total: 				1
Percentage: 		100.00%

Corr coef:	0.38491437397038525
p-value:	1.887099794337779e-122
SIGNIFICANT
