Significant: 		1
Non-significant: 	0
Total: 				1
Percentage: 		100.00%

Corr coef:	0.16855462600049648
p-value:	1.0390993453648034e-20
SIGNIFICANT
