Significant: 		1
Non-significant: 	0
Total: 				1
Percentage: 		100.00%

Corr coef:	0.16743762445467106
p-value:	9.399889640539282e-18
SIGNIFICANT
